0000000000000
0000000000000
0000000000000
0000110011000						
000000000000000000000000000000000000000000022222000000000000000000002220002200022000000
220000000022200000000000000000000000000000011111000000000000000000001112221100011
11222222221112222222200000000000000000000000000000000000000000000000000111
11111111111111111111122222
1111111111111111111111111122222222222222222222222222222222222222222222222222222222222222
1111111111111111111111111111111111111111111111111111111111111111111111111111111111111111
1111111111111111111111111111111111111111111111111111111111111111111111111111111111111111
1111111111111111111111111111111111111111111111111111111111111111111111111111111111111111
1111111111111111111111111111111111111111111111111111111111111111111111111111111111111111

